191.1294
193.9154
196.7002
199.4839
202.2665
205.0479
207.8282
210.6073
213.3853
216.1622
218.9380
221.7126
224.4861
227.2584
230.0296
232.7997
235.5687
238.3365
241.1032
243.8687
246.6331
249.3964
252.1586
254.9196
257.6795
260.4382
263.1959
265.9524
268.7078
271.4620
274.2151
276.9671
279.7180
282.4677
285.2163
287.9638
290.7101
293.4553
296.1994
298.9424
301.6842
304.4249
307.1645
309.9030
312.6403
315.3766
318.1117
320.8456
323.5785
326.3102
329.0408
331.7703
334.4986
337.2259
339.9520
342.6770
345.4009
348.1236
350.8452
353.5657
356.2851
359.0034
361.7206
364.4366
367.1515
369.8653
372.5780
375.2896
378.0000
380.7093
383.4175
386.1246
388.8306
391.5355
394.2392
396.9419
399.6434
402.3438
405.0431
407.7413
410.4383
413.1343
415.8291
418.5229
421.2155
423.9070
426.5974
429.2867
431.9748
434.6619
437.3478
440.0327
442.7164
445.3990
448.0806
450.7610
453.4403
456.1185
458.7955
461.4715
464.1464
466.8202
469.4928
472.1644
474.8348
477.5042
480.1724
482.8395
485.5056
488.1705
490.8343
493.4970
496.1586
498.8191
501.4786
504.1369
506.7941
509.4502
512.1052
514.7591
517.4119
520.0636
522.7142
525.3637
528.0121
530.6594
533.3057
535.9508
538.5948
541.2377
543.8795
546.5203
549.1599
551.7984
554.4359
557.0722
559.7075
562.3416
564.9747
567.6066
570.2375
572.8673
575.4960
578.1236
580.7501
583.3755
585.9998
588.6231
591.2452
593.8662
596.4862
599.1051
601.7229
604.3396
606.9552
609.5697
612.1831
614.7954
617.4067
620.0169
622.6259
625.2339
627.8408
630.4467
633.0514
635.6551
638.2576
640.8591
643.4595
646.0588
648.6571
651.2542
653.8503
656.4453
659.0392
661.6320
664.2237
666.8144
669.4040
671.9925
674.5799
677.1662
679.7515
682.3357
684.9188
687.5008
690.0818
692.6617
695.2405
697.8182
700.3948
702.9704
705.5449
708.1183
710.6907
713.2619
715.8321
718.4012
720.9693
723.5363
726.1022
728.6670
731.2308
733.7935
736.3551
738.9156
741.4751
744.0335
746.5909
749.1471
751.7023
754.2565
756.8095
759.3615
761.9124
764.4623
767.0111
769.5588
772.1055
774.6511
777.1956
779.7391
782.2815
784.8228
787.3631
789.9023
792.4404
794.9775
797.5135
800.0485
802.5824
805.1152
807.6470
810.1777
812.7073
815.2359
817.7635
820.2899
822.8154
825.3397
827.8630
830.3852
832.9064
835.4266
837.9456
840.4636
842.9806
845.4965
848.0113
850.5251
853.0379
855.5495
858.0602
860.5697
863.0783
865.5857
868.0921
870.5975
873.1018
875.6051
878.1073
880.6084
883.1085
885.6076
888.1056
890.6026
893.0985
895.5933
898.0872
900.5799
903.0717
905.5623
908.0520
910.5405
913.0281
915.5146
918.0000
920.4844
922.9678
925.4501
927.9313
930.4116
932.8907
935.3689
937.8460
940.3220
942.7970
945.2710
947.7440
950.2158
952.6867
955.1565
957.6253
960.0930
962.5597
965.0254
967.4900
969.9536
972.4161
974.8776
977.3381
979.7975
982.2559
984.7133
987.1696
989.6249
992.0792
994.5324
996.9846
999.4358
1001.8859
1004.3350
1006.7831
1009.2301
1011.6762
1014.1211
1016.5651
1019.0080
1021.4499
1023.8907
1026.3306
1028.7694
1031.2071
1033.6439
1036.0796
1038.5143
1040.9480
1043.3806
1045.8122
1048.2428
1050.6724
1053.1009
1055.5284
1057.9549
1060.3804
1062.8048
1065.2282
1067.6506
1070.0720
1072.4924
1074.9117
1077.3300
1079.7473
1082.1636
1084.5788
1086.9931
1089.4063
1091.8185
1094.2296
1096.6398
1099.0490
1101.4571
1103.8642
1106.2703
1108.6754
1111.0794
1113.4825
1115.8845
1118.2855
1120.6855
1123.0845
1125.4825
1127.8794
1130.2754
1132.6703
1135.0643
1137.4572
1139.8491
1142.2400
1144.6299
1147.0187
1149.4066
1151.7935
1154.1793
1156.5641
1158.9480
1161.3308
1163.7126
1166.0934
1168.4732
1170.8520
1173.2298
1175.6066
1177.9824
1180.3572
1182.7309
1185.1037
1187.4755
1189.8462
1192.2160
1194.5848
1196.9525
1199.3193
1201.6850
1204.0498
1206.4135
1208.7763
1211.1380
1213.4988
1215.8585
1218.2173
1220.5751
1222.9318
1225.2876
1227.6424
1229.9961
1232.3489
1234.7007
1237.0515
1239.4013
1241.7501
1244.0979
1246.4447
1248.7905
1251.1353
1253.4791
1255.8220
1258.1638
1260.5047
1262.8445
1265.1834
1267.5213
1269.8582
1272.1941
1274.5290
1276.8629
1279.1958
1281.5278
1283.8587
1286.1887
1288.5177
1290.8457
1293.1727
1295.4987
1297.8238
1300.1478
1302.4709
1304.7930
1307.1141
1309.4342
1311.7534
1314.0715
1316.3887
1318.7049
1321.0201
1323.3343
1325.6476
1327.9599
1330.2711
1332.5815
1334.8908
1337.1991
1339.5065
1341.8129
1344.1183
1346.4228
1348.7262
1351.0287
1353.3302
1355.6308
1357.9303
1360.2289
1362.5265
1364.8232
1367.1188
1369.4135
1371.7073
1374.0000
1376.2918
1378.5826
1380.8724
1383.1613
1385.4492
1387.7361
1390.0220
1392.3070
1394.5910
1396.8741
1399.1561
1401.4372
1403.7174
1405.9966
1408.2748
1410.5520
1412.8283
1415.1036
1417.3779
1419.6513
1421.9237
1424.1952
1426.4657
1428.7352
1431.0037
1433.2713
1435.5380
1437.8037
1440.0684
1442.3321
1444.5949
1446.8567
1449.1176
1451.3775
1453.6365
1455.8945
1458.1515
1460.4076
1462.6627
1464.9169
1467.1701
1469.4224
1471.6737
1473.9240
1476.1734
1478.4218
1480.6693
1482.9158
1485.1614
1487.4060
1489.6497
1491.8924
1494.1342
1496.3750
1498.6148
1500.8537
1503.0917
1505.3287
1507.5648
1509.7999
1512.0340
1514.2673
1516.4995
1518.7308
1520.9612
1523.1906
1525.4191
1527.6466
1529.8732
1532.0989
1534.3236
1536.5473
1538.7701
1540.9920
1543.2129
1545.4329
1547.6519
1549.8700
1552.0872
1554.3034
1556.5187
1558.7330
1560.9464
1563.1588
1565.3703
1567.5809
1569.7905
1571.9992
1574.2070
1576.4138
1578.6197
1580.8246
1583.0287
1585.2317
1587.4339
1589.6351
1591.8353
1594.0347
1596.2331
1598.4306
1600.6271
1602.8227
1605.0174
1607.2111
1609.4039
1611.5958
1613.7867
1615.9767
1618.1658
1620.3540
1622.5412
1624.7275
1626.9129
1629.0973
1631.2808
1633.4634
1635.6451
1637.8258
1640.0056
1642.1845
1644.3625
1646.5395
1648.7156
1650.8908
1653.0650
1655.2384
1657.4108
1659.5823
1661.7529
1663.9225
1666.0912
1668.2590
1670.4259
1672.5919
1674.7569
1676.9211
1679.0843
1681.2466
1683.4079
1685.5684
1687.7279
1689.8865
1692.0442
1694.2010
1696.3569
1698.5118
1700.6659
1702.8190
1704.9712
1707.1225
1709.2729
1711.4224
1713.5709
1715.7186
1717.8653
1720.0111
1722.1560
1724.3000
1726.4431
1728.5853
1730.7266
1732.8669
1735.0064
1737.1449
1739.2826
1741.4193
1743.5551
1745.6901
1747.8241
1749.9572
1752.0894
1754.2207
1756.3510
1758.4805
1760.6091
1762.7368
1764.8636
1766.9894
1769.1144
1771.2385
1773.3616
1775.4839
1777.6052
1779.7257
1781.8453
1783.9639
1786.0817
1788.1985
1790.3145
1792.4296
1794.5437
1796.6570
1798.7694
1800.8809
1802.9915
1805.1011
1807.2099
1809.3178
1811.4248
1813.5309
1815.6361
1817.7405
1819.8439
1821.9464
1824.0481
1826.1488
1828.2487
1830.3476
1832.4457
1834.5429
1836.6392
1838.7346
1840.8291
1842.9228
1845.0155
1847.1073
1849.1983
1851.2884
1853.3776
1855.4659
1857.5533
1859.6398
1861.7255
1863.8102
1865.8941
1867.9771
1870.0592
1872.1405
1874.2208
1876.3003
1878.3788
1880.4565
1882.5334
1884.6093
1886.6844
1888.7585
1890.8318
1892.9042
1894.9758
1897.0464
1899.1162
1901.1851
1903.2532
1905.3203
1907.3866
1909.4520
1911.5165
1913.5801
1915.6429
1917.7048
1919.7658
1921.8260
1923.8852
1925.9436
1928.0012
1930.0578
1932.1136
1934.1685
1936.2226
1938.2757
1940.3280
1942.3795
1944.4300
1946.4797
1948.5285
1950.5765
1952.6236
1954.6698
1956.7152
1958.7596
1960.8033
1962.8460
1964.8879
1966.9289
1968.9691
1971.0084
1973.0468
1975.0844
1977.1211
1979.1569
1981.1919
1983.2260
1985.2592
1987.2916
1989.3232
1991.3538
1993.3836
1995.4126
1997.4407
1999.4679
2001.4943
2003.5198
2005.5444
2007.5682
2009.5912
2011.6133
2013.6345
2015.6549
2017.6744
2019.6930
2021.7109
2023.7278
2025.7439
2027.7591
2029.7735
2031.7871
2033.7998
2035.8116
2037.8226
2039.8327
2041.8420
2043.8504
2045.8580
2047.8647
2049.8706
2051.8756
2053.8798
2055.8832
2057.8857
2059.8873
2061.8881
2063.8880
2065.8871
2067.8854
2069.8828
2071.8794
2073.8751
2075.8700
2077.8640
2079.8572
2081.8495
2083.8410
2085.8317
2087.8215
2089.8105
2091.7986
2093.7859
2095.7724
2097.7580
2099.7427
2101.7267
2103.7098
2105.6920
2107.6735
2109.6540
2111.6338
2113.6127
2115.5908
2117.5680
2119.5444
2121.5200
2123.4947
2125.4686
2127.4416
2129.4139
2131.3853
2133.3558
2135.3255
2137.2944
2139.2625
2141.2297
2143.1961
2145.1617
2147.1264
2149.0904
2151.0534
2153.0157
2154.9771
2156.9377
2158.8975
2160.8564
2162.8145
2164.7718
2166.7283
2168.6839
2170.6387
2172.5927
2174.5458
2176.4982
2178.4497
2180.4003
2182.3502
2184.2992
2186.2475
2188.1948
2190.1414
2192.0872
2194.0321
2195.9762
2197.9195
2199.8620
2201.8036
2203.7444
2205.6844
2207.6236
2209.5620
2211.4995
2213.4363
2215.3722
2217.3073
2219.2416
2221.1751
2223.1077
2225.0396
2226.9706
2228.9008
2230.8302
2232.7588
2234.6866
2236.6135
2238.5397
2240.4650
2242.3895
2244.3132
2246.2362
2248.1582
2250.0795
2252.0000
2253.9197
2255.8385
2257.7566
2259.6738
2261.5902
2263.5059
2265.4207
2267.3347
2269.2479
2271.1603
2273.0719
2274.9827
2276.8926
2278.8018
2280.7102
2282.6178
2284.5245
2286.4305
2288.3357
2290.2400
2292.1436
2294.0464
2295.9483
2297.8495
2299.7498
2301.6494
2303.5481
2305.4461
2307.3433
2309.2396
2311.1352
2313.0300
2314.9239
2316.8171
2318.7095
2320.6011
2322.4919
2324.3818
2326.2710
2328.1594
2330.0471
2331.9339
2333.8199
2335.7051
2337.5896
2339.4732
2341.3561
2343.2381
2345.1194
2346.9999
2348.8796
2350.7585
2352.6366
2354.5139
2356.3904
2358.2662
2360.1411
2362.0153
2363.8887
2365.7613
2367.6331
2369.5041
2371.3744
2373.2438
2375.1125
2376.9804
2378.8475
2380.7138
2382.5793
2384.4441
2386.3080
2388.1712
2390.0336
2391.8952
2393.7561
2395.6161
2397.4754
2399.3339
2401.1916
2403.0486
2404.9047
2406.7601
2408.6147
2410.4686
2412.3216
2414.1739
2416.0254
2417.8761
2419.7260
2421.5752
2423.4236
2425.2712
2427.1181
2428.9641
2430.8094
2432.6540
2434.4977
2436.3407
2438.1829
2440.0243
2441.8650
2443.7049
2445.5440
2447.3824
2449.2200
2451.0568
2452.8928
2454.7281
2456.5626
2458.3964
2460.2293
2462.0615
2463.8930
2465.7236
2467.5536
2469.3827
2471.2111
2473.0387
2474.8655
2476.6916
2478.5169
2480.3415
2482.1653
2483.9883
2485.8106
2487.6321
2489.4528
2491.2728
2493.0920
2494.9105
2496.7282
2498.5451
2500.3613
2502.1767
2503.9914
2505.8053
2507.6185
2509.4309
2511.2425
2513.0534
2514.8635
2516.6729
2518.4815
2520.2893
2522.0964
2523.9028
2525.7084
2527.5132
2529.3173
2531.1206
2532.9232
2534.7250
2536.5261
2538.3264
2540.1260
2541.9248
2543.7229
2545.5202
2547.3168
2549.1126
2550.9077
2552.7020
2554.4956
2556.2884
2558.0805
2559.8718
2561.6624
2563.4523
2565.2414
2567.0297
2568.8173
2570.6042
2572.3903
2574.1757
2575.9603
2577.7442
2579.5273
2581.3097
2583.0914
2584.8723
2586.6525
2588.4319
2590.2106
2591.9885
2593.7658
2595.5422
2597.3180
2599.0930
2600.8672
2602.6407
2604.4135
2606.1856
2607.9569
2609.7274
2611.4973
2613.2664
2615.0347
2616.8023
2618.5692
2620.3354
2622.1008
2623.8655
2625.6295
2627.3927
2629.1552
2630.9169
2632.6780
2634.4383
2636.1978
2637.9566
2639.7147
2641.4721
2643.2288
2644.9847
2646.7399
2648.4943
2650.2480
2652.0010
2653.7533
2655.5049
2657.2557
2659.0058
2660.7551
2662.5038
2664.2517
2665.9989
2667.7453
2669.4911
2671.2361
2672.9804
2674.7240
2676.4668
2678.2089
2679.9503
2681.6910
2683.4310
2685.1702
2686.9087
2688.6465
2690.3836
2692.1200
2693.8556
2695.5905
2697.3247
2699.0582
2700.7910
2702.5230
2704.2544
2705.9850
2707.7149
2709.4441
2711.1725
2712.9003
2714.6273
2716.3536
2718.0793
2719.8041
2721.5283
2723.2518
2724.9746
2726.6966
2728.4179
2730.1386
2731.8585
2733.5777
2735.2962
2737.0139
2738.7310
2740.4474
2742.1630
2743.8780
2745.5922
2747.3057
2749.0185
2750.7307
2752.4421
2754.1528
2755.8628
2757.5720
2759.2806
2760.9885
2762.6957
2764.4021
2766.1079
2767.8130
2769.5173
2771.2210
2772.9239
2774.6262
2776.3277
2778.0286
2779.7287
2781.4282
2783.1269
2784.8250
2786.5223
2788.2190
2789.9149
2791.6101
2793.3047
2794.9986
2796.6917
2798.3842
2800.0759
2801.7670
2803.4574
2805.1470
2806.8360
2808.5243
2810.2119
2811.8988
2813.5850
2815.2705
2816.9553
2818.6394
2820.3228
2822.0056
2823.6876
2825.3690
2827.0496
2828.7296
2830.4089
2832.0875
2833.7654
2835.4426
2837.1191
2838.7950
2840.4701
2842.1446
2843.8183
2845.4914
2847.1638
2848.8355
2850.5066
2852.1769
2853.8466
2855.5155
2857.1838
2858.8514
2860.5183
2862.1846
2863.8501
2865.5150
2867.1792
2868.8427
2870.5055
2872.1676
2873.8291
2875.4899
2877.1500
2878.8094
2880.4681
2882.1262
2883.7836
2885.4403
2887.0963
2888.7516
2890.4063
2892.0603
2893.7136
2895.3662
2897.0182
2898.6695
2900.3201
2901.9700
2903.6193
2905.2679
2906.9158
2908.5630
2910.2096
2911.8555
2913.5007
2915.1452
2916.7891
2918.4323
2920.0748
2921.7167
2923.3579
2924.9984
2926.6383
2928.2774
2929.9160
2931.5538
2933.1910
2934.8275
2936.4633
2938.0985
2939.7330
2941.3668
2943.0000
2944.6325
2946.2643
2947.8955
2949.5260
2951.1559
2952.7851
2954.4136
2956.0414
2957.6686
2959.2951
2960.9210
2962.5462
2964.1708
2965.7946
2967.4179
2969.0404
2970.6623
2972.2836
2973.9041
2975.5241
2977.1433
2978.7619
2980.3799
2981.9971
2983.6138
2985.2297
2986.8451
2988.4597
2990.0737
2991.6871
2993.2997
2994.9118
2996.5232
2998.1339
2999.7440
3001.3534
3002.9621
3004.5703
3006.1777
3007.7845
3009.3907
3010.9962
3012.6010
3014.2052
3015.8088
3017.4117
3019.0139
3020.6155
3022.2165
3023.8168
3025.4164
3027.0154
3028.6138
3030.2115
3031.8086
3033.4050
3035.0007
3036.5959
3038.1903
3039.7842
3041.3774
3042.9699
3044.5618
3046.1530
3047.7437
3049.3336
3050.9229
3052.5116
3054.0997
3055.6870
3057.2738
3058.8599
3060.4454
3062.0302
3063.6144
3065.1980
3066.7809
3068.3631
3069.9448
3071.5258
3073.1061
3074.6858
3076.2649
3077.8434
3079.4212
3080.9983
3082.5749
3084.1508
3085.7260
3087.3006
3088.8746
3090.4480
3092.0207
3093.5928
3095.1643
3096.7351
3098.3053
3099.8748
3101.4438
3103.0120
3104.5797
3106.1467
3107.7131
3109.2789
3110.8440
3112.4085
3113.9724
3115.5357
3117.0983
3118.6603
3120.2217
3121.7824
3123.3425
3124.9020
3126.4608
3128.0191
3129.5767
3131.1337
3132.6900
3134.2457
3135.8008
3137.3553
3138.9092
3140.4624
3142.0150
3143.5670
3145.1184
3146.6691
3148.2192
3149.7687
3151.3176
3152.8658
3154.4135
3155.9605
3157.5069
3159.0527
3160.5978
3162.1423
3163.6863
3165.2296
3166.7722
3168.3143
3169.8557
3171.3966
3172.9368
3174.4764
3176.0154
3177.5537
3179.0915
3180.6286
3182.1651
3183.7010
3185.2363
3186.7710
3188.3051
3189.8385
3191.3714
3192.9036
3194.4352
3195.9662
3197.4966
3199.0264
3200.5555
3202.0841
3203.6120
3205.1394
3206.6661
3208.1922
3209.7178
3211.2427
3212.7670
3214.2906
3215.8137
3217.3362
3218.8581
3220.3793
3221.9000
3223.4200
3224.9395
3226.4583
3227.9766
3229.4942
3231.0112
3232.5276
3234.0435
3235.5587
3237.0733
3238.5873
3240.1007
3241.6135
3243.1257
3244.6374
3246.1484
3247.6588
3249.1686
3250.6778
3252.1864
3253.6944
3255.2018
3256.7086
3258.2148
3259.7204
3261.2255
3262.7299
3264.2337
3265.7369
3267.2396
3268.7416
3270.2430
3271.7439
3273.2441
3274.7438
3276.2429
3277.7413
3279.2392
3280.7365
3282.2332
3283.7293
3285.2248
3286.7197
3288.2140
3289.7078
3291.2009
3292.6935
3294.1854
3295.6768
3297.1676
3298.6578
3300.1474
3301.6364
3303.1248
3304.6126
3306.0999
3307.5866
3309.0726
3310.5581
3312.0430
3313.5273
3315.0111
3316.4942
3317.9768
3319.4588
3320.9402
3322.4210
3323.9012
3325.3808
3326.8599
3328.3384
3329.8163
3331.2936
3332.7703
3334.2465
3335.7221
3337.1970
3338.6715
3340.1453
3341.6185
3343.0912
3344.5633
3346.0348
3347.5057
3348.9761
3350.4459
3351.9151
3353.3837
3354.8517
3356.3192
3357.7861
3359.2524
3360.7182
3362.1833
3363.6479
3365.1119
3366.5754
3368.0383
3369.5006
3370.9623
3372.4234
3373.8840
3375.3440
3376.8034
3378.2623
3379.7206
3381.1783
3382.6355
3384.0921
3385.5481
3387.0035
3388.4584
3389.9127
3391.3664
3392.8196
3394.2722
3395.7242
3397.1756
3398.6265
3400.0769
3401.5266
3402.9758
3404.4245
3405.8725
3407.3200
3408.7669
3410.2133
3411.6591
3413.1044
3414.5490
3415.9931
3417.4367
3418.8797
3420.3221
3421.7640
3423.2053
3424.6460
3426.0862
3427.5258
3428.9649
3430.4034
3431.8413
3433.2787
3434.7155
3436.1518
3437.5875
3439.0226
3440.4572
3441.8912
3443.3247
3444.7576
3446.1900
3447.6218
3449.0530
3450.4837
3451.9138
3453.3434
3454.7724
3456.2009
3457.6288
3459.0562
3460.4830
3461.9092
3463.3349
3464.7601
3466.1847
3467.6087
3469.0322
3470.4552
3471.8776
3473.2994
3474.7207
3476.1414
3477.5616
3478.9813
3480.4004
3481.8189
3483.2369
3484.6544
3486.0713
3487.4876
3488.9034
3490.3187
3491.7334
3493.1475
3494.5612
3495.9742
3497.3868
3498.7988
3500.2102
3501.6211
3503.0314
3504.4412
3505.8505
3507.2592
3508.6674
3510.0750
3511.4821
3512.8887
3514.2947
3515.7002
3517.1051
3518.5095
3519.9133
3521.3166
3522.7194
3524.1216
3525.5233
3526.9245
3528.3251
3529.7252
3531.1247
3532.5237
3533.9222
3535.3201
3536.7175
3538.1143
3539.5106
3540.9064
3542.3017
3543.6964
3545.0906
3546.4842
3547.8773
3549.2699
3550.6619
3552.0534
3553.4444
3554.8348
3556.2247
3557.6141
3559.0030
3560.3913
3561.7791
3563.1663
3564.5530
3565.9392
3567.3249
3568.7100
3570.0946
3571.4787
3572.8622
3574.2453
3575.6278
3577.0097
3578.3912
3579.7721
3581.1524
3582.5323
3583.9116
3585.2904
3586.6687
3588.0465
3589.4237
3590.8004
3592.1766
3593.5522
3594.9274
3596.3020
3597.6761
3599.0496
3600.4227
3601.7952
3603.1672
3604.5387
3605.9096
3607.2800
3608.6500
3610.0193
3611.3882
3612.7566
3614.1244
3615.4917
3616.8585
3618.2248
3619.5906
3620.9558
3622.3205
3623.6847
3625.0484
3626.4116
3627.7742
3629.1364
3630.4980
3631.8591
3633.2197
3634.5798
3635.9394
3637.2984
3638.6570
3640.0150
3641.3725
3642.7295
3644.0860
3645.4419
3646.7974
3648.1524
3649.5068
3650.8607
3652.2141
3653.5670
3654.9194
3656.2713
3657.6227
3658.9736
3660.3239
3661.6738
3663.0231
3664.3719
3665.7203
3667.0681
3668.4154
3669.7622
3671.1085
3672.4543
3673.7996
3675.1443
3676.4886
3677.8324
3679.1756
3680.5184
3681.8607
3683.2024
3684.5437
3685.8844
3687.2246
3688.5644
3689.9036
3691.2423
3692.5806
3693.9183
3695.2555
3696.5923
3697.9285
3699.2642
3700.5994
3701.9342
3703.2684
3704.6021
3705.9353
3707.2681
3708.6003
3709.9320
3711.2633
3712.5940
3713.9243
3715.2540
3716.5833
3717.9120
3719.2403
3720.5680
3721.8953
3723.2221
3724.5484
3725.8741
3727.1994
3728.5242
3729.8485
3731.1723
3732.4956
3733.8185
3735.1408
3736.4626
3737.7840
3739.1048
3740.4252
3741.7451
3743.0645
3744.3834
3745.7018
3747.0197
3748.3371
3749.6540
3750.9705
3752.2864
3753.6019
3754.9169
3756.2314
3757.5454
3758.8589
3760.1719
3761.4845
3762.7965
3764.1081
3765.4192
3766.7298
3768.0399
3769.3496
3770.6587
3771.9674
3773.2756
3774.5833
3775.8905
3777.1972
3778.5035
3779.8092
3781.1145
3782.4193
3783.7236
3785.0275
3786.3308
3787.6337
3788.9361
3790.2381
3791.5395
3792.8405
3794.1409
3795.4409
3796.7405
3798.0395
3799.3381
3800.6362
3801.9338
3803.2309
3804.5276
3805.8238
3807.1195
3808.4147
3809.7095
3811.0037
3812.2976
3813.5909
3814.8837
3816.1761
3817.4680
3818.7595
3820.0504
3821.3409
3822.6309
3823.9205
3825.2096
3826.4982
3827.7863
3829.0739
3830.3611
3831.6478
3832.9341
3834.2199
3835.5052
3836.7900
3838.0744
3839.3583
3840.6417
3841.9247
3843.2072
3844.4892
3845.7707
3847.0518
3848.3325
3849.6126
3850.8923
3852.1715
3853.4503
3854.7286
3856.0064
3857.2838
3858.5607
3859.8371
3861.1131
3862.3886
3863.6636
3864.9382
3866.2123
3867.4860
3868.7592
3870.0319
3871.3042
3872.5760
3873.8473
3875.1182
3876.3886
3877.6586
3878.9281
3880.1972
3881.4658
3882.7339
3884.0015
3885.2688
3886.5355
3887.8018
3889.0676
3890.3330
3891.5979
3892.8624
3894.1264
3895.3900
3896.6530
3897.9157
3899.1779
3900.4396
3901.7009
3902.9617
3904.2221
3905.4820
3906.7414
3908.0004
3909.2590
3910.5171
3911.7747
3913.0319
3914.2886
3915.5449
3916.8008
3918.0562
3919.3111
3920.5656
3921.8196
3923.0732
3924.3263
3925.5790
3926.8312
3928.0830
3929.3344
3930.5853
3931.8357
3933.0857
3934.3352
3935.5843
3936.8330
3938.0812
3939.3290
3940.5763
3941.8231
3943.0696
3944.3155
3945.5611
3946.8061
3948.0508
3949.2950
3950.5387
3951.7820
3953.0249
3954.2673
3955.5093
3956.7509
3957.9920
3959.2326
3960.4728
3961.7126
3962.9519
3964.1908
3965.4293
3966.6673
3967.9048
3969.1420
3970.3787
3971.6149
3972.8507
3974.0861
3975.3210
3976.5555
3977.7896
3979.0232
3980.2564
3981.4891
3982.7214
3983.9533
3985.1847
3986.4158
3987.6463
3988.8764
3990.1061
3991.3354
3992.5642
3993.7926
3995.0206
3996.2481
3997.4752
3998.7019
3999.9281
4001.1539
4002.3792
4003.6042
4004.8287
4006.0527
4007.2764
4008.4996
4009.7224
4010.9447
4012.1666
4013.3881
4014.6092
4015.8298
4017.0500
4018.2698
4019.4891
4020.7080
4021.9265
4023.1445
4024.3622
4025.5794
4026.7962
4028.0125
4029.2284
4030.4439